% number of repeats:% 3
% enter first, last, inc:% 48 480 48 
data = [
%  n          reference      |         current implementation 
%        time       GFLOPS   |    time       GFLOPS     diff 
   480 1.7791e-02 1.2433e+01    1.9450e-01 1.1372e+00 3.4106e-13
   432 1.2526e-02 1.2873e+01    1.3238e-01 1.2181e+00 2.9843e-13
   384 9.0284e-03 1.2543e+01    2.4140e-01 4.6913e-01 2.2737e-13
   336 6.0200e-03 1.2602e+01    5.9776e-02 1.2692e+00 1.7053e-13
   288 3.6773e-03 1.2992e+01    3.7450e-02 1.2757e+00 1.1369e-13
   240 2.0766e-03 1.3314e+01    1.6685e-02 1.6571e+00 4.2633e-14
   192 1.7363e-03 8.1528e+00    1.2415e-02 1.1402e+00 2.8422e-14
   144 4.7790e-04 1.2496e+01    2.0043e-03 2.9795e+00 2.8422e-14
    96 1.4271e-04 1.2399e+01    7.4360e-04 2.3796e+00 1.0658e-14
    48 2.3254e-05 9.5117e+00    5.0900e-05 4.3455e+00 7.1054e-15
];

% Maximum difference between reference and your implementation: 3.410605e-13.
