% number of repeats:% 3
% enter first, last, inc:% 48 480 48 
data = [
%  n          reference      |         current implementation 
%        time       GFLOPS   |    time       GFLOPS     diff 
   480 8.9014e-03 2.4848e+01    6.6722e-02 3.3150e+00 3.4106e-13
   432 6.3861e-03 2.5249e+01    4.4933e-02 3.5885e+00 2.9843e-13
   384 4.7637e-03 2.3773e+01    4.1813e-02 2.7084e+00 2.2737e-13
   336 3.2192e-03 2.3567e+01    2.0861e-02 3.6368e+00 1.7053e-13
   288 1.9596e-03 2.4380e+01    1.3018e-02 3.6701e+00 1.1369e-13
   240 1.0914e-03 2.5332e+01    7.5897e-03 3.6428e+00 4.2633e-14
   192 5.6964e-04 2.4850e+01    3.6387e-03 3.8903e+00 2.8422e-14
   144 2.4255e-04 2.4622e+01    1.4503e-03 4.1177e+00 2.8422e-14
    96 7.5627e-05 2.3397e+01    3.6883e-04 4.7975e+00 1.0658e-14
    48 1.2066e-05 1.8331e+01    3.8801e-05 5.7005e+00 7.1054e-15
];

% Maximum difference between reference and your implementation: 3.410605e-13.
