% number of repeats:% 3
% enter first, last, inc:% 48 480 48 
data = [
%  n          reference      |         current implementation 
%        time       GFLOPS   |    time       GFLOPS     diff 
   480 1.8902e-02 1.1701e+01    2.4262e-02 9.1163e+00 3.4106e-13
   432 1.2708e-02 1.2688e+01    1.2999e-02 1.2404e+01 2.9843e-13
   384 9.7313e-03 1.1637e+01    9.5556e-03 1.1851e+01 2.2737e-13
   336 6.0017e-03 1.2641e+01    7.0229e-03 1.0803e+01 1.7053e-13
   288 3.7212e-03 1.2839e+01    4.5192e-03 1.0572e+01 1.1369e-13
   240 2.2011e-03 1.2561e+01    1.9655e-03 1.4066e+01 4.2633e-14
   192 1.0602e-03 1.3351e+01    1.0183e-03 1.3901e+01 2.8422e-14
   144 4.5743e-04 1.3056e+01    5.2620e-04 1.1349e+01 2.8422e-14
    96 1.5155e-04 1.1676e+01    1.3036e-04 1.3573e+01 1.0658e-14
    48 3.4282e-05 6.4519e+00    2.7546e-05 8.0296e+00 7.1054e-15
];

% Maximum difference between reference and your implementation: 3.410605e-13.
