% number of repeats:% 3
% enter first, last, inc:% 48 480 48 
data = [
%  n          reference      |         current implementation 
%        time       GFLOPS   |    time       GFLOPS     diff 
   480 1.9049e-02 1.1612e+01    2.4594e-02 8.9935e+00 3.4106e-13
   432 1.5269e-02 1.0560e+01    1.3398e-02 1.2035e+01 2.9843e-13
   384 9.8947e-03 1.1445e+01    9.8253e-03 1.1526e+01 2.2737e-13
   336 6.6140e-03 1.1470e+01    7.2350e-03 1.0486e+01 1.7053e-13
   288 4.0822e-03 1.1703e+01    4.5247e-03 1.0559e+01 1.1369e-13
   240 2.3804e-03 1.1615e+01    1.9318e-03 1.4312e+01 4.2633e-14
   192 1.1832e-03 1.1964e+01    1.0128e-03 1.3977e+01 2.8422e-14
   144 4.9952e-04 1.1956e+01    5.6942e-04 1.0488e+01 2.8422e-14
    96 1.5571e-04 1.1364e+01    1.3863e-04 1.2764e+01 1.0658e-14
    48 2.5278e-05 8.7501e+00    1.9586e-05 1.1293e+01 7.1054e-15
];

% Maximum difference between reference and your implementation: 3.410605e-13.
