% number of repeats:% 3
% enter first, last, inc:% 48 1488 48 
data = [
%  n          reference      |         current implementation 
%        time       GFLOPS   |    time       GFLOPS     diff 
  1488 2.6743e-01 2.4639e+01    1.4226e-01 4.6318e+01 2.1600e-12
  1440 2.3956e-01 2.4929e+01    1.2862e-01 4.6430e+01 2.1032e-12
  1392 2.0901e-01 2.5809e+01    1.1372e-01 4.7437e+01 1.9327e-12
  1344 1.9694e-01 2.4654e+01    1.0423e-01 4.6582e+01 1.7621e-12
  1296 1.7120e-01 2.5429e+01    8.3962e-02 5.1852e+01 1.8190e-12
  1248 1.4915e-01 2.6065e+01    7.7227e-02 5.0339e+01 1.7053e-12
  1200 1.2968e-01 2.6650e+01    6.7913e-02 5.0889e+01 1.5348e-12
  1152 1.1575e-01 2.6415e+01    5.8735e-02 5.2058e+01 1.3642e-12
  1104 1.0353e-01 2.5993e+01    5.1738e-02 5.2015e+01 1.2506e-12
  1056 8.8836e-02 2.6511e+01    4.4894e-02 5.2461e+01 1.1937e-12
  1008 7.8314e-02 2.6156e+01    3.9749e-02 5.1533e+01 1.0232e-12
   960 6.7102e-02 2.6370e+01    3.3456e-02 5.2889e+01 1.0232e-12
   912 5.8367e-02 2.5993e+01    2.9034e-02 5.2253e+01 1.0800e-12
   864 4.9252e-02 2.6191e+01    2.4662e-02 5.2305e+01 8.2423e-13
   816 4.1420e-02 2.6236e+01    2.3828e-02 4.5604e+01 8.2423e-13
   768 3.6732e-02 2.4665e+01    1.8421e-02 4.9182e+01 7.3896e-13
   720 3.0069e-02 2.4826e+01    1.5033e-02 4.9657e+01 6.8212e-13
   672 2.4220e-02 2.5059e+01    1.2379e-02 4.9028e+01 5.9686e-13
   624 1.9690e-02 2.4679e+01    9.7653e-03 4.9762e+01 5.4001e-13
   576 1.5457e-02 2.4728e+01    7.8030e-03 4.8982e+01 4.8317e-13
   528 1.1990e-02 2.4553e+01    5.9153e-03 4.9769e+01 4.2633e-13
   480 8.9128e-03 2.4817e+01    4.5085e-03 4.9059e+01 3.1264e-13
   432 6.6339e-03 2.4306e+01    3.2802e-03 4.9157e+01 2.7001e-13
   384 4.6056e-03 2.4589e+01    2.2585e-03 5.0143e+01 2.2737e-13
   336 2.9613e-03 2.5619e+01    1.4802e-03 5.1253e+01 1.8474e-13
   288 1.8647e-03 2.5620e+01    9.1827e-04 5.2028e+01 1.1369e-13
   240 1.0606e-03 2.6067e+01    5.3580e-04 5.1601e+01 5.6843e-14
   192 5.4619e-04 2.5918e+01    2.6745e-04 5.2928e+01 3.5527e-14
   144 2.3335e-04 2.5592e+01    1.1355e-04 5.2591e+01 2.8422e-14
    96 7.1995e-05 2.4578e+01    3.4197e-05 5.1743e+01 1.4211e-14
    48 1.1606e-05 1.9058e+01    4.5930e-06 4.8157e+01 7.1054e-15
];

% Maximum difference between reference and your implementation: 2.160050e-12.
