% number of repeats:% 3
% enter first, last, inc:% 48 1488 48 
data = [
%  n          reference      |         current implementation 
%        time       GFLOPS   |    time       GFLOPS     diff 
  1488 2.8584e-01 2.3053e+01    2.5431e-01 2.5911e+01 2.1600e-12
  1440 2.5108e-01 2.3785e+01    1.3019e-01 4.5873e+01 2.1032e-12
  1392 2.1196e-01 2.5450e+01    1.2190e-01 4.4254e+01 1.9327e-12
  1344 1.8944e-01 2.5630e+01    1.0306e-01 4.7114e+01 1.7621e-12
  1296 1.7132e-01 2.5412e+01    9.2238e-02 4.7199e+01 1.8190e-12
  1248 1.5699e-01 2.4762e+01    8.9169e-02 4.3598e+01 1.7053e-12
  1200 1.4006e-01 2.4675e+01    7.5862e-02 4.5556e+01 1.5348e-12
  1152 1.2110e-01 2.5249e+01    6.3449e-02 4.8190e+01 1.3642e-12
  1104 1.0610e-01 2.5364e+01    5.9249e-02 4.5421e+01 1.2506e-12
  1056 1.0082e-01 2.3359e+01    5.8205e-02 4.0463e+01 1.1937e-12
  1008 8.6793e-02 2.3601e+01    4.5801e-02 4.4724e+01 1.0232e-12
   960 7.5857e-02 2.3327e+01    3.9316e-02 4.5007e+01 1.0232e-12
   912 6.5104e-02 2.3303e+01    3.3581e-02 4.5177e+01 1.0800e-12
   864 5.4007e-02 2.3885e+01    3.0989e-02 4.1625e+01 8.2423e-13
   816 4.9162e-02 2.2104e+01    2.5549e-02 4.2534e+01 8.2423e-13
   768 4.0882e-02 2.2161e+01    2.0605e-02 4.3969e+01 7.3896e-13
   720 3.3025e-02 2.2604e+01    1.6826e-02 4.4365e+01 6.8212e-13
   672 2.6511e-02 2.2894e+01    1.3464e-02 4.5079e+01 5.9686e-13
   624 2.0975e-02 2.3168e+01    1.0594e-02 4.5872e+01 5.4001e-13
   576 1.7309e-02 2.2081e+01    8.2949e-03 4.6077e+01 4.8317e-13
   528 1.2838e-02 2.2932e+01    6.3678e-03 4.6232e+01 4.2633e-13
   480 9.6868e-03 2.2834e+01    4.8718e-03 4.5401e+01 3.1264e-13
   432 7.2285e-03 2.2307e+01    3.5120e-03 4.5912e+01 2.7001e-13
   384 4.8972e-03 2.3125e+01    2.4152e-03 4.6889e+01 2.2737e-13
   336 3.3792e-03 2.2451e+01    1.6380e-03 4.6317e+01 1.8474e-13
   288 2.1284e-03 2.2447e+01    1.0122e-03 4.7198e+01 1.1369e-13
   240 1.1980e-03 2.3078e+01    5.8288e-04 4.7433e+01 5.6843e-14
   192 6.8217e-04 2.0751e+01    2.9894e-04 4.7353e+01 3.5527e-14
   144 2.6036e-04 2.2937e+01    1.3032e-04 4.5825e+01 2.8422e-14
    96 8.5205e-05 2.0767e+01    4.0993e-05 4.3165e+01 1.4211e-14
    48 1.3848e-05 1.5972e+01    4.4490e-06 4.9715e+01 7.1054e-15
];

% Maximum difference between reference and your implementation: 2.160050e-12.
