% number of repeats:% 3
% enter first, last, inc:% 48 1488 48 
data = [
%  n          reference      |         current implementation 
%        time       GFLOPS   |    time       GFLOPS     diff 
  1488 2.7805e-01 2.3699e+01    1.6654e-01 3.9565e+01 2.1600e-12
  1440 2.2705e-01 2.6303e+01    1.2473e-01 4.7879e+01 2.1032e-12
  1392 2.1129e-01 2.5531e+01    1.2068e-01 4.4700e+01 1.9327e-12
  1344 1.8932e-01 2.5647e+01    1.0329e-01 4.7009e+01 1.7621e-12
  1296 1.8266e-01 2.3834e+01    9.7034e-02 4.4866e+01 1.8190e-12
  1248 1.5959e-01 2.4359e+01    8.2298e-02 4.7237e+01 1.7053e-12
  1200 1.4305e-01 2.4159e+01    7.5595e-02 4.5717e+01 1.5348e-12
  1152 1.1948e-01 2.5591e+01    7.7259e-02 3.9576e+01 1.3642e-12
  1104 1.0517e-01 2.5589e+01    5.3736e-02 5.0081e+01 1.2506e-12
  1056 8.9328e-02 2.6365e+01    4.6362e-02 5.0799e+01 1.1937e-12
  1008 7.8417e-02 2.6122e+01    4.0372e-02 5.0738e+01 1.0232e-12
   960 6.8462e-02 2.5846e+01    3.5091e-02 5.0426e+01 1.0232e-12
   912 5.8144e-02 2.6092e+01    2.9467e-02 5.1485e+01 1.0800e-12
   864 5.0333e-02 2.5628e+01    2.5686e-02 5.0220e+01 8.2423e-13
   816 4.1283e-02 2.6323e+01    2.1640e-02 5.0216e+01 8.2423e-13
   768 3.4092e-02 2.6575e+01    3.1447e-02 2.8810e+01 7.3896e-13
   720 2.8385e-02 2.6299e+01    1.4622e-02 5.1054e+01 6.8212e-13
   672 2.2932e-02 2.6467e+01    1.1758e-02 5.1617e+01 5.9686e-13
   624 1.9074e-02 2.5477e+01    9.6311e-03 5.0455e+01 5.4001e-13
   576 1.4806e-02 2.5814e+01    7.6565e-03 4.9919e+01 4.8317e-13
   528 1.1370e-02 2.5893e+01    5.7568e-03 5.1139e+01 4.2633e-13
   480 8.6168e-03 2.5669e+01    4.2810e-03 5.1666e+01 3.1264e-13
   432 6.1566e-03 2.6190e+01    3.0967e-03 5.2070e+01 2.7001e-13
   384 4.3594e-03 2.5977e+01    2.6895e-03 4.2106e+01 2.2737e-13
   336 2.9049e-03 2.6117e+01    1.4397e-03 5.2697e+01 1.8474e-13
   288 1.8045e-03 2.6476e+01    8.7939e-04 5.4328e+01 1.1369e-13
   240 1.0387e-03 2.6617e+01    5.0766e-04 5.4461e+01 5.6843e-14
   192 5.3755e-04 2.6334e+01    2.6375e-04 5.3672e+01 3.5527e-14
   144 2.2947e-04 2.6025e+01    1.0828e-04 5.5155e+01 2.8422e-14
    96 7.1412e-05 2.4778e+01    3.4172e-05 5.1781e+01 1.4211e-14
    48 1.1507e-05 1.9222e+01    4.2150e-06 5.2475e+01 7.1054e-15
];

% Maximum difference between reference and your implementation: 2.160050e-12.
