% number of repeats:% 3
% enter first, last, inc:% 48 1488 48 
data = [
%  n          reference      |         current implementation 
%        time       GFLOPS   |    time       GFLOPS     diff 
  1488 2.9170e-01 2.2589e+01    2.6408e-01 2.4952e+01 2.1600e-12
  1440 2.4060e-01 2.4821e+01    1.6928e-01 3.5279e+01 2.1032e-12
  1392 2.2050e-01 2.4464e+01    1.4454e-01 3.7322e+01 1.9327e-12
  1344 1.9987e-01 2.4293e+01    1.3096e-01 3.7075e+01 1.7621e-12
  1296 1.7439e-01 2.4965e+01    1.0462e-01 4.1612e+01 1.8190e-12
  1248 1.4975e-01 2.5961e+01    9.4192e-02 4.1272e+01 1.7053e-12
  1200 1.3164e-01 2.6253e+01    8.7344e-02 3.9568e+01 1.5348e-12
  1152 1.2257e-01 2.4945e+01    8.1715e-02 3.7418e+01 1.3642e-12
  1104 1.0930e-01 2.4622e+01    6.5045e-02 4.1373e+01 1.2506e-12
  1056 9.4116e-02 2.5024e+01    5.7305e-02 4.1099e+01 1.1937e-12
  1008 8.7112e-02 2.3514e+01    5.0356e-02 4.0678e+01 1.0232e-12
   960 7.4363e-02 2.3795e+01    4.5829e-02 3.8610e+01 1.0232e-12
   912 6.3403e-02 2.3928e+01    3.9592e-02 3.8318e+01 1.0800e-12
   864 5.3539e-02 2.4094e+01    3.4375e-02 3.7526e+01 8.2423e-13
   816 4.6307e-02 2.3467e+01    3.1082e-02 3.4961e+01 8.2423e-13
   768 3.9363e-02 2.3016e+01    2.4718e-02 3.6652e+01 7.3896e-13
   720 3.1131e-02 2.3979e+01    1.7759e-02 4.2035e+01 6.8212e-13
   672 2.5098e-02 2.4182e+01    1.3633e-02 4.4518e+01 5.9686e-13
   624 1.9337e-02 2.5130e+01    1.1546e-02 4.2087e+01 5.4001e-13
   576 1.5320e-02 2.4949e+01    9.3061e-03 4.1070e+01 4.8317e-13
   528 1.2244e-02 2.4044e+01    6.8341e-03 4.3077e+01 4.2633e-13
   480 1.0046e-02 2.2016e+01    5.3484e-03 4.1355e+01 3.1264e-13
   432 6.2808e-03 2.5672e+01    3.6891e-03 4.3708e+01 2.7001e-13
   384 4.5217e-03 2.5045e+01    2.6259e-03 4.3126e+01 2.2737e-13
   336 3.0423e-03 2.4937e+01    1.5036e-03 5.0456e+01 1.8474e-13
   288 1.9008e-03 2.5134e+01    8.8413e-04 5.4037e+01 1.1369e-13
   240 1.0605e-03 2.6070e+01    4.9163e-04 5.6237e+01 5.6843e-14
   192 5.5700e-04 2.5414e+01    2.4748e-04 5.7200e+01 3.5527e-14
   144 2.3808e-04 2.5084e+01    1.0922e-04 5.4678e+01 2.8422e-14
    96 7.2627e-05 2.4364e+01    4.8687e-05 3.6344e+01 1.4211e-14
    48 1.1764e-05 1.8802e+01    6.0790e-06 3.6385e+01 7.1054e-15
];

% Maximum difference between reference and your implementation: 2.160050e-12.
