% number of repeats:% 3
% enter first, last, inc:% 48 1488 48 
data = [
%  n          reference      |         current implementation 
%        time       GFLOPS   |    time       GFLOPS     diff 
  1488 2.8599e-01 2.3041e+01    2.3747e-01 2.7748e+01 2.1600e-12
  1440 2.5839e-01 2.3112e+01    1.7495e-01 3.4135e+01 2.1032e-12
  1392 2.3548e-01 2.2908e+01    1.5229e-01 3.5421e+01 1.9327e-12
  1344 2.0116e-01 2.4137e+01    1.3810e-01 3.5158e+01 1.7621e-12
  1296 1.7934e-01 2.4275e+01    1.1807e-01 3.6873e+01 1.8190e-12
  1248 1.6104e-01 2.4141e+01    1.0950e-01 3.5504e+01 1.7053e-12
  1200 1.5215e-01 2.2714e+01    9.7949e-02 3.5284e+01 1.5348e-12
  1152 1.3967e-01 2.1893e+01    8.7214e-02 3.5059e+01 1.3642e-12
  1104 1.1168e-01 2.4097e+01    7.4783e-02 3.5986e+01 1.2506e-12
  1056 9.6952e-02 2.4292e+01    6.2351e-02 3.7772e+01 1.1937e-12
  1008 8.6208e-02 2.3761e+01    5.5449e-02 3.6942e+01 1.0232e-12
   960 7.5537e-02 2.3425e+01    5.0780e-02 3.4846e+01 1.0232e-12
   912 6.6441e-02 2.2834e+01    4.3423e-02 3.4938e+01 1.0800e-12
   864 5.6456e-02 2.2849e+01    3.6623e-02 3.5222e+01 8.2423e-13
   816 4.8813e-02 2.2262e+01    2.7182e-02 3.9978e+01 8.2423e-13
   768 3.9541e-02 2.2912e+01    2.1851e-02 4.1461e+01 7.3896e-13
   720 3.1676e-02 2.3566e+01    1.5043e-02 4.9623e+01 6.8212e-13
   672 2.4366e-02 2.4909e+01    1.1888e-02 5.1056e+01 5.9686e-13
   624 1.9868e-02 2.4459e+01    1.0482e-02 4.6359e+01 5.4001e-13
   576 1.5875e-02 2.4076e+01    7.4414e-03 5.1362e+01 4.8317e-13
   528 1.2234e-02 2.4063e+01    5.8067e-03 5.0699e+01 4.2633e-13
   480 9.0774e-03 2.4366e+01    4.1765e-03 5.2959e+01 3.1264e-13
   432 6.5203e-03 2.4729e+01    3.0066e-03 5.3630e+01 2.7001e-13
   384 4.5951e-03 2.4645e+01    2.1686e-03 5.2220e+01 2.2737e-13
   336 3.0645e-03 2.4756e+01    1.4419e-03 5.2615e+01 1.8474e-13
   288 1.9960e-03 2.3936e+01    8.7885e-04 5.4361e+01 1.1369e-13
   240 1.1298e-03 2.4471e+01    5.0757e-04 5.4472e+01 5.6843e-14
   192 5.6595e-04 2.5012e+01    2.6032e-04 5.4379e+01 3.5527e-14
   144 2.4925e-04 2.3959e+01    1.0762e-04 5.5492e+01 2.8422e-14
    96 7.5974e-05 2.3290e+01    5.0743e-05 3.4871e+01 1.4211e-14
    48 1.2411e-05 1.7822e+01    6.3460e-06 3.4854e+01 7.1054e-15
];

% Maximum difference between reference and your implementation: 2.160050e-12.
