% number of repeats:% 3
% enter first, last, inc:% 48 1488 48 
data = [
%  n          reference      |         current implementation 
%        time       GFLOPS   |    time       GFLOPS     diff 
  1488 2.7996e-01 2.3536e+01    2.1153e-01 3.1150e+01 2.1600e-12
  1440 2.4985e-01 2.3902e+01    1.6666e-01 3.5833e+01 2.1032e-12
  1392 2.3881e-01 2.2589e+01    1.5827e-01 3.4083e+01 1.9327e-12
  1344 2.0859e-01 2.3278e+01    1.3212e-01 3.6751e+01 1.7621e-12
  1296 1.8670e-01 2.3319e+01    1.0984e-01 3.9634e+01 1.8190e-12
  1248 1.6603e-01 2.3414e+01    1.0432e-01 3.7264e+01 1.7053e-12
  1200 1.4511e-01 2.3816e+01    8.8527e-02 3.9039e+01 1.5348e-12
  1152 1.3084e-01 2.3370e+01    8.8127e-02 3.4696e+01 1.3642e-12
  1104 1.1308e-01 2.3799e+01    7.2716e-02 3.7009e+01 1.2506e-12
  1056 1.0136e-01 2.3235e+01    6.0362e-02 3.9017e+01 1.1937e-12
  1008 8.4537e-02 2.4230e+01    4.9568e-02 4.1325e+01 1.0232e-12
   960 7.2424e-02 2.4432e+01    4.9053e-02 3.6073e+01 1.0232e-12
   912 6.2882e-02 2.4126e+01    3.6536e-02 4.1524e+01 1.0800e-12
   864 5.2230e-02 2.4697e+01    3.1738e-02 4.0643e+01 8.2423e-13
   816 4.7302e-02 2.2973e+01    2.8508e-02 3.8118e+01 8.2423e-13
   768 3.9545e-02 2.2910e+01    3.5941e-02 2.5207e+01 7.3896e-13
   720 3.1603e-02 2.3621e+01    1.9076e-02 3.9133e+01 6.8212e-13
   672 2.6110e-02 2.3245e+01    1.5276e-02 3.9732e+01 5.9686e-13
   624 1.9973e-02 2.4330e+01    1.1278e-02 4.3086e+01 5.4001e-13
   576 1.5653e-02 2.4418e+01    9.0958e-03 4.2020e+01 4.8317e-13
   528 1.2599e-02 2.3367e+01    7.1025e-03 4.1450e+01 4.2633e-13
   480 9.9932e-03 2.2133e+01    5.3883e-03 4.1049e+01 3.1264e-13
   432 7.2260e-03 2.2314e+01    4.1859e-03 3.8521e+01 2.7001e-13
   384 4.9973e-03 2.2662e+01    3.1087e-03 3.6429e+01 2.2737e-13
   336 3.1990e-03 2.3715e+01    1.7097e-03 4.4375e+01 1.8474e-13
   288 2.0080e-03 2.3793e+01    1.1014e-03 4.3377e+01 1.1369e-13
   240 1.1437e-03 2.4173e+01    6.2079e-04 4.4537e+01 5.6843e-14
   192 5.8573e-04 2.4168e+01    3.1951e-04 4.4304e+01 3.5527e-14
   144 2.5340e-04 2.3567e+01    1.2915e-04 4.6241e+01 2.8422e-14
    96 8.2898e-05 2.1345e+01    4.0201e-05 4.4016e+01 1.4211e-14
    48 1.2715e-05 1.7396e+01    4.5910e-06 4.8178e+01 7.1054e-15
];

% Maximum difference between reference and your implementation: 2.160050e-12.
