% number of repeats:% 3
% enter first, last, inc:% 48 1488 48 
data = [
%  n          reference      |         current implementation 
%        time       GFLOPS   |    time       GFLOPS     diff 
  1488 2.6231e-01 2.5120e+01    1.4123e-01 4.6657e+01 2.1600e-12
  1440 2.3087e-01 2.5867e+01    1.5441e-01 3.8676e+01 2.1032e-12
  1392 2.0489e-01 2.6328e+01    1.3883e-01 3.8858e+01 1.9327e-12
  1344 1.8606e-01 2.6096e+01    1.2318e-01 3.9417e+01 1.7621e-12
  1296 1.6689e-01 2.6086e+01    8.2578e-02 5.2720e+01 1.8190e-12
  1248 1.5093e-01 2.5757e+01    1.0226e-01 3.8014e+01 1.7053e-12
  1200 1.3325e-01 2.5936e+01    9.0033e-02 3.8386e+01 1.5348e-12
  1152 1.2265e-01 2.4929e+01    8.0103e-02 3.8171e+01 1.3642e-12
  1104 1.0264e-01 2.6218e+01    6.8138e-02 3.9495e+01 1.2506e-12
  1056 9.4467e-02 2.4931e+01    6.3557e-02 3.7056e+01 1.1937e-12
  1008 8.2358e-02 2.4872e+01    5.6571e-02 3.6209e+01 1.0232e-12
   960 7.3442e-02 2.4094e+01    4.5838e-02 3.8603e+01 1.0232e-12
   912 6.3372e-02 2.3940e+01    4.1233e-02 3.6794e+01 1.0800e-12
   864 5.1235e-02 2.5177e+01    3.3110e-02 3.8959e+01 8.2423e-13
   816 4.3477e-02 2.4994e+01    2.8756e-02 3.7790e+01 8.2423e-13
   768 3.4549e-02 2.6223e+01    2.2628e-02 4.0038e+01 7.3896e-13
   720 2.8275e-02 2.6402e+01    1.8651e-02 4.0024e+01 6.8212e-13
   672 2.3352e-02 2.5991e+01    1.5041e-02 4.0350e+01 5.9686e-13
   624 1.8396e-02 2.6415e+01    1.1967e-02 4.0608e+01 5.4001e-13
   576 1.4624e-02 2.6135e+01    9.4132e-03 4.0603e+01 4.8317e-13
   528 1.1431e-02 2.5755e+01    7.3981e-03 3.9793e+01 4.2633e-13
   480 8.5808e-03 2.5777e+01    5.5569e-03 3.9804e+01 3.1264e-13
   432 6.6231e-03 2.4345e+01    4.2166e-03 3.8240e+01 2.7001e-13
   384 4.6958e-03 2.4116e+01    2.9395e-03 3.8525e+01 2.2737e-13
   336 2.9952e-03 2.5329e+01    1.9606e-03 3.8695e+01 1.8474e-13
   288 1.9541e-03 2.4450e+01    1.2700e-03 3.7618e+01 1.1369e-13
   240 1.0916e-03 2.5327e+01    7.2163e-04 3.8313e+01 5.6843e-14
   192 5.4986e-04 2.5745e+01    3.5484e-04 3.9894e+01 3.5527e-14
   144 2.3543e-04 2.5366e+01    1.5926e-04 3.7497e+01 2.8422e-14
    96 7.8162e-05 2.2639e+01    4.5662e-05 3.8752e+01 1.4211e-14
    48 1.8257e-05 1.2115e+01    6.1340e-06 3.6059e+01 7.1054e-15
];

% Maximum difference between reference and your implementation: 2.160050e-12.
