% Number of threads = 4

% number of repeats:% 3
% enter first, last, inc:% 48 1968 48 
data = [
%  n          reference      |         current implementation 
%        time       GFLOPS   |    time       GFLOPS     diff 
  1968 1.8128e-01 8.4091e+01    8.6272e-02 1.7670e+02 3.0127e-12
  1920 1.7525e-01 8.0773e+01    7.8374e-02 1.8062e+02 2.9559e-12
  1872 1.7426e-01 7.5291e+01    5.7813e-02 2.2695e+02 2.7853e-12
  1824 1.3854e-01 8.7604e+01    8.4550e-02 1.4355e+02 2.7285e-12
  1776 1.2478e-01 8.9784e+01    5.9908e-02 1.8702e+02 2.6148e-12
  1728 1.2588e-01 8.1978e+01    4.7059e-02 2.1929e+02 2.6148e-12
  1680 1.1601e-01 8.1742e+01    5.1772e-02 1.8317e+02 2.4443e-12
  1632 1.0573e-01 8.2224e+01    5.4575e-02 1.5929e+02 2.5011e-12
  1584 9.6041e-02 8.2764e+01    3.4817e-02 2.2830e+02 2.2169e-12
  1536 7.9142e-02 9.1579e+01    4.8672e-02 1.4891e+02 2.2169e-12
  1488 7.3365e-02 8.9815e+01    2.6694e-02 2.4684e+02 2.1600e-12
  1440 7.1872e-02 8.3092e+01    2.4116e-02 2.4763e+02 1.9895e-12
  1392 5.8082e-02 9.2877e+01    2.4168e-02 2.2321e+02 1.9327e-12
  1344 5.3375e-02 9.0969e+01    2.0498e-02 2.3687e+02 1.8190e-12
  1296 4.7094e-02 9.2445e+01    1.9469e-02 2.2361e+02 1.7621e-12
  1248 5.2901e-02 7.3487e+01    1.9448e-02 1.9989e+02 1.5348e-12
  1200 3.7478e-02 9.2213e+01    1.4718e-02 2.3481e+02 1.7053e-12
  1152 4.0876e-02 7.4804e+01    1.2522e-02 2.4417e+02 1.4779e-12
  1104 2.9449e-02 9.1384e+01    1.3928e-02 1.9322e+02 1.2506e-12
  1056 2.5639e-02 9.1858e+01    1.0777e-02 2.1853e+02 1.1937e-12
  1008 2.2644e-02 9.0459e+01    1.4701e-02 1.3934e+02 1.1653e-12
   960 2.3073e-02 7.6690e+01    7.9511e-03 2.2254e+02 1.0800e-12
   912 1.7550e-02 8.6445e+01    1.0786e-02 1.4065e+02 9.3792e-13
   864 1.4410e-02 8.9519e+01    5.6352e-03 2.2891e+02 8.8107e-13
   816 1.1466e-02 9.4774e+01    4.3528e-03 2.4965e+02 7.9581e-13
   768 9.5686e-03 9.4682e+01    3.6848e-03 2.4587e+02 7.9581e-13
   720 7.8621e-03 9.4948e+01    3.0292e-03 2.4643e+02 6.5370e-13
   672 6.3420e-03 9.5701e+01    2.6271e-03 2.3103e+02 6.5370e-13
   624 5.1956e-03 9.3529e+01    2.0349e-03 2.3880e+02 5.6843e-13
   576 4.3233e-03 8.8405e+01    2.6899e-03 1.4209e+02 5.1159e-13
   528 3.2771e-03 8.9833e+01    1.2505e-03 2.3543e+02 3.6948e-13
   480 2.7275e-03 8.1095e+01    1.6432e-03 1.3461e+02 3.1264e-13
   432 1.6922e-03 9.5287e+01    7.1040e-04 2.2697e+02 2.7001e-13
   384 1.2161e-03 9.3121e+01    5.1464e-04 2.2005e+02 2.1316e-13
   336 8.3289e-04 9.1088e+01    3.4906e-04 2.1734e+02 1.7053e-13
   288 5.3287e-04 8.9657e+01    2.2855e-04 2.0904e+02 1.2790e-13
   240 4.5048e-04 6.1375e+01    2.3823e-04 1.1606e+02 5.6843e-14
   192 2.8652e-04 4.9406e+01    1.2711e-04 1.1136e+02 3.5527e-14
   144 1.3145e-04 4.5431e+01    6.0126e-05 9.9324e+01 3.5527e-14
    96 4.5596e-05 3.8808e+01    2.1374e-05 8.2786e+01 1.4211e-14
    48 1.3307e-05 1.6622e+01    5.1250e-06 4.3158e+01 5.3291e-15
];

% Maximum difference between reference and your implementation: 3.012701e-12.
