% Number of threads = 4

% number of repeats:% 3
% enter first, last, inc:% 48 1968 48 
data = [
%  n          reference      |         current implementation 
%        time       GFLOPS   |    time       GFLOPS     diff 
  1968 2.4014e-01 6.3481e+01    7.3009e-02 2.0880e+02 3.0127e-12
  1920 1.8928e-01 7.4786e+01    8.0651e-02 1.7552e+02 2.9559e-12
  1872 1.9830e-01 6.6165e+01    6.6898e-02 1.9612e+02 2.7853e-12
  1824 1.5817e-01 7.6733e+01    6.5815e-02 1.8441e+02 2.7285e-12
  1776 1.6546e-01 6.7710e+01    6.6033e-02 1.6967e+02 2.6148e-12
  1728 1.4249e-01 7.2422e+01    6.0650e-02 1.7015e+02 2.6148e-12
  1680 1.3462e-01 7.0446e+01    5.1810e-02 1.8304e+02 2.4443e-12
  1632 1.1688e-01 7.4379e+01    4.5432e-02 1.9135e+02 2.5011e-12
  1584 1.1075e-01 7.1773e+01    4.3045e-02 1.8466e+02 2.2169e-12
  1536 9.7324e-02 7.4470e+01    4.0842e-02 1.7746e+02 2.2169e-12
  1488 8.8290e-02 7.4632e+01    3.3482e-02 1.9680e+02 2.1600e-12
  1440 7.9780e-02 7.4855e+01    2.9493e-02 2.0249e+02 1.9895e-12
  1392 7.7277e-02 6.9806e+01    2.8795e-02 1.8734e+02 1.9327e-12
  1344 5.8095e-02 8.3577e+01    2.3751e-02 2.0443e+02 1.8190e-12
  1296 5.4442e-02 7.9968e+01    2.9641e-02 1.4688e+02 1.7621e-12
  1248 5.5507e-02 7.0037e+01    2.2883e-02 1.6989e+02 1.5348e-12
  1200 4.3484e-02 7.9477e+01    1.6850e-02 2.0510e+02 1.7053e-12
  1152 3.7562e-02 8.1403e+01    1.3710e-02 2.2303e+02 1.4779e-12
  1104 3.2487e-02 8.2839e+01    1.1697e-02 2.3007e+02 1.2506e-12
  1056 2.9535e-02 7.9743e+01    1.1059e-02 2.1297e+02 1.1937e-12
  1008 2.5794e-02 7.9413e+01    1.5048e-02 1.3613e+02 1.1653e-12
   960 2.6593e-02 6.6540e+01    8.6527e-03 2.0450e+02 1.0800e-12
   912 1.8491e-02 8.2043e+01    7.6866e-03 1.9737e+02 9.3792e-13
   864 1.5978e-02 8.0733e+01    5.4860e-03 2.3514e+02 8.8107e-13
   816 1.7218e-02 6.3112e+01    6.3569e-03 1.7094e+02 7.9581e-13
   768 1.1312e-02 8.0091e+01    7.5641e-03 1.1977e+02 7.9581e-13
   720 9.1338e-03 8.1729e+01    3.8003e-03 1.9643e+02 6.5370e-13
   672 7.2548e-03 8.3659e+01    4.2708e-03 1.4211e+02 6.5370e-13
   624 5.7256e-03 8.4871e+01    2.6361e-03 1.8434e+02 5.6843e-13
   576 4.5545e-03 8.3917e+01    1.7658e-03 2.1645e+02 5.1159e-13
   528 3.9388e-03 7.4743e+01    1.4664e-03 2.0076e+02 3.6948e-13
   480 2.7358e-03 8.0847e+01    1.1868e-03 1.8637e+02 3.1264e-13
   432 1.9177e-03 8.4082e+01    9.7729e-04 1.6499e+02 2.7001e-13
   384 2.3727e-03 4.7729e+01    9.9358e-04 1.1398e+02 2.1316e-13
   336 1.5475e-03 4.9026e+01    5.2006e-04 1.4588e+02 1.7053e-13
   288 9.9113e-04 4.8203e+01    3.8063e-04 1.2552e+02 1.2790e-13
   240 4.4487e-04 6.2148e+01    1.5975e-04 1.7307e+02 5.6843e-14
   192 1.7666e-04 8.0129e+01    1.0049e-04 1.4087e+02 3.5527e-14
   144 7.8746e-05 7.5838e+01    5.9516e-05 1.0034e+02 3.5527e-14
    96 3.1301e-05 5.6531e+01    2.6984e-05 6.5575e+01 1.4211e-14
    48 1.1144e-05 1.9848e+01    4.6190e-06 4.7886e+01 5.3291e-15
];

% Maximum difference between reference and your implementation: 3.012701e-12.
