% Number of threads = 1

% number of repeats:% 3
% enter first, last, inc:% 48 1488 48 
data = [
%  n          reference      |         current implementation 
%        time       GFLOPS   |    time       GFLOPS     diff 
  1488 2.6713e-01 2.4667e+01    2.5866e+00 2.5475e+00 2.1600e-12
  1440 2.3162e-01 2.5783e+01    2.2363e+00 2.6704e+00 2.1032e-12
  1392 2.1867e-01 2.4669e+01    1.9214e+00 2.8075e+00 1.9327e-12
  1344 1.9933e-01 2.4358e+01    1.8568e+00 2.6149e+00 1.7621e-12
  1296 1.6928e-01 2.5717e+01    1.5773e+00 2.7601e+00 1.8758e-12
  1248 1.5133e-01 2.5688e+01    1.2878e+00 3.0188e+00 1.6485e-12
  1200 1.4521e-01 2.3801e+01    1.3083e+00 2.6416e+00 1.5348e-12
  1152 1.2197e-01 2.5070e+01    1.3354e+00 2.2897e+00 1.4211e-12
  1104 1.1124e-01 2.4193e+01    9.0050e-01 2.9885e+00 1.3074e-12
  1056 9.8191e-02 2.3986e+01    7.7583e-01 3.0357e+00 1.1937e-12
  1008 8.4845e-02 2.4143e+01    6.6811e-01 3.0660e+00 1.0232e-12
   960 7.0672e-02 2.5038e+01    5.3612e-01 3.3005e+00 9.9476e-13
   912 5.9061e-02 2.5687e+01    4.5720e-01 3.3182e+00 1.0800e-12
   864 5.1859e-02 2.4874e+01    4.3845e-01 2.9420e+00 8.2423e-13
   816 4.3622e-02 2.4911e+01    3.2645e-01 3.3288e+00 7.9581e-13
   768 3.5908e-02 2.5230e+01    1.0852e+00 8.3482e-01 7.3896e-13
   720 3.0551e-02 2.4434e+01    2.1647e-01 3.4485e+00 6.8212e-13
   672 2.3319e-02 2.6027e+01    1.7526e-01 3.4630e+00 5.9686e-13
   624 1.9585e-02 2.4812e+01    1.4053e-01 3.4580e+00 5.4001e-13
   576 1.5164e-02 2.5204e+01    1.1328e-01 3.3740e+00 4.8317e-13
   528 1.2067e-02 2.4397e+01    9.0552e-02 3.2511e+00 4.2633e-13
   480 8.9057e-03 2.4836e+01    6.5316e-02 3.3864e+00 3.2685e-13
   432 6.8400e-03 2.3574e+01    4.5998e-02 3.5055e+00 2.7001e-13
   384 4.5391e-03 2.4949e+01    4.0377e-02 2.8047e+00 2.1316e-13
   336 3.1290e-03 2.4246e+01    2.0926e-02 3.6255e+00 1.8474e-13
   288 1.9856e-03 2.4061e+01    1.2787e-02 3.7362e+00 1.1369e-13
   240 1.1006e-03 2.5120e+01    7.2249e-03 3.8268e+00 4.2633e-14
   192 5.5925e-04 2.5312e+01    3.7285e-03 3.7967e+00 3.5527e-14
   144 2.3632e-04 2.5271e+01    1.3866e-03 4.3070e+00 2.8422e-14
    96 7.6271e-05 2.3200e+01    3.7847e-04 4.6753e+00 1.4211e-14
    48 1.1886e-05 1.8609e+01    4.3385e-05 5.0982e+00 7.1054e-15
];

% Maximum difference between reference and your implementation: 2.160050e-12.
