% Number of threads = 4

% number of repeats:% 3
% enter first, last, inc:% 48 1968 48 
data = [
%  n          reference      |         current implementation 
%        time       GFLOPS   |    time       GFLOPS     diff 
  1968 2.1899e-01 6.9612e+01    7.5279e-02 2.0250e+02 3.0127e-12
  1920 1.8241e-01 7.7603e+01    7.0778e-02 2.0000e+02 2.9559e-12
  1872 1.8074e-01 7.2594e+01    6.7647e-02 1.9395e+02 2.7853e-12
  1824 1.5776e-01 7.6934e+01    5.5753e-02 2.1769e+02 2.7285e-12
  1776 1.5236e-01 7.3536e+01    5.1784e-02 2.1635e+02 2.6148e-12
  1728 1.3310e-01 7.7531e+01    4.2312e-02 2.4389e+02 2.6148e-12
  1680 1.0976e-01 8.6397e+01    4.0748e-02 2.3273e+02 2.4443e-12
  1632 1.1467e-01 7.5810e+01    3.9557e-02 2.1977e+02 2.5011e-12
  1584 9.4433e-02 8.4172e+01    3.5905e-02 2.2138e+02 2.2169e-12
  1536 8.9101e-02 8.1343e+01    3.1728e-02 2.2844e+02 2.2169e-12
  1488 7.1422e-02 9.2258e+01    2.9728e-02 2.2165e+02 2.1600e-12
  1440 6.5407e-02 9.1305e+01    2.4292e-02 2.4584e+02 1.9895e-12
  1392 5.9393e-02 9.0827e+01    2.1444e-02 2.5156e+02 1.9327e-12
  1344 5.2868e-02 9.1841e+01    2.0154e-02 2.4091e+02 1.8190e-12
  1296 4.7379e-02 9.1889e+01    1.8516e-02 2.3512e+02 1.7621e-12
  1248 4.2316e-02 9.1870e+01    1.7107e-02 2.2725e+02 1.5348e-12
  1200 5.0668e-02 6.8208e+01    1.5736e-02 2.1963e+02 1.7053e-12
  1152 3.3205e-02 9.2085e+01    1.1938e-02 2.5614e+02 1.4779e-12
  1104 2.9476e-02 9.1300e+01    1.0941e-02 2.4597e+02 1.2506e-12
  1056 2.6449e-02 8.9044e+01    1.2866e-02 1.8305e+02 1.1937e-12
  1008 2.2629e-02 9.0519e+01    8.6697e-03 2.3627e+02 1.1653e-12
   960 2.5184e-02 7.0261e+01    1.4586e-02 1.2131e+02 1.0800e-12
   912 1.6377e-02 9.2638e+01    8.4711e-03 1.7909e+02 9.3792e-13
   864 1.8309e-02 7.0453e+01    4.9428e-03 2.6097e+02 8.8107e-13
   816 1.1680e-02 9.3040e+01    4.6116e-03 2.3564e+02 7.9581e-13
   768 1.0271e-02 8.8203e+01    3.7543e-03 2.4131e+02 7.9581e-13
   720 8.0074e-03 9.3226e+01    3.1819e-03 2.3461e+02 6.5370e-13
   672 6.6687e-03 9.1011e+01    3.6671e-03 1.6551e+02 6.5370e-13
   624 5.5804e-03 8.7080e+01    3.7153e-03 1.3079e+02 5.6843e-13
   576 4.2602e-03 8.9715e+01    1.4317e-03 2.6697e+02 5.1159e-13
   528 3.5055e-03 8.3982e+01    1.2964e-03 2.2709e+02 3.6948e-13
   480 2.5005e-03 8.8457e+01    1.0356e-03 2.1358e+02 3.1264e-13
   432 1.8178e-03 8.8702e+01    8.5099e-04 1.8948e+02 2.7001e-13
   384 1.2716e-03 8.9058e+01    6.5870e-04 1.7192e+02 2.1316e-13
   336 8.5572e-04 8.8658e+01    5.0936e-04 1.4894e+02 1.7053e-13
   288 5.4788e-04 8.7202e+01    1.9404e-04 2.4621e+02 1.2790e-13
   240 3.2064e-04 8.6227e+01    1.3493e-04 2.0491e+02 5.6843e-14
   192 3.1423e-04 4.5050e+01    1.6443e-04 8.6091e+01 3.5527e-14
   144 1.4020e-04 4.2595e+01    8.5955e-05 6.9478e+01 3.5527e-14
    96 4.6459e-05 3.8087e+01    2.8313e-05 6.2497e+01 1.4211e-14
    48 1.4609e-05 1.5140e+01    7.5430e-06 2.9323e+01 5.3291e-15
];

% Maximum difference between reference and your implementation: 3.012701e-12.
