% Number of threads = 4

% number of repeats:% 3
% enter first, last, inc:% 48 1488 48 
data = [
%  n          reference      |         current implementation 
%        time       GFLOPS   |    time       GFLOPS     diff 
  1488 9.0170e-02 7.3076e+01    2.8459e-01 2.3153e+01 2.1600e-12
  1440 6.9706e-02 8.5674e+01    2.0121e-01 2.9681e+01 2.1032e-12
  1392 6.9824e-02 7.7258e+01    1.6505e-01 3.2685e+01 1.9327e-12
  1344 5.7371e-02 8.4632e+01    1.2392e-01 3.9182e+01 1.7621e-12
  1296 4.6106e-02 9.4426e+01    1.1867e-01 3.6687e+01 1.8758e-12
  1248 5.1647e-02 7.5271e+01    7.7332e-02 5.0271e+01 1.6485e-12
  1200 3.5895e-02 9.6280e+01    6.4831e-02 5.3308e+01 1.5348e-12
  1152 4.1258e-02 7.4111e+01    4.5271e-02 6.7541e+01 1.4211e-12
  1104 2.8650e-02 9.3933e+01    3.3767e-02 7.9697e+01 1.3074e-12
  1056 2.5250e-02 9.3272e+01    2.7381e-02 8.6013e+01 1.1937e-12
  1008 2.2770e-02 8.9961e+01    2.2384e-02 9.1513e+01 1.0232e-12
   960 1.8590e-02 9.5184e+01    2.0686e-02 8.5538e+01 9.9476e-13
   912 1.6345e-02 9.2816e+01    1.6471e-02 9.2108e+01 1.0800e-12
   864 1.3433e-02 9.6029e+01    1.3872e-02 9.2990e+01 8.2423e-13
   816 1.1180e-02 9.7198e+01    1.1444e-02 9.4954e+01 7.9581e-13
   768 9.2959e-03 9.7459e+01    9.2387e-03 9.8062e+01 7.3896e-13
   720 7.6603e-03 9.7450e+01    7.7555e-03 9.6254e+01 6.8212e-13
   672 6.8423e-03 8.8702e+01    6.1911e-03 9.8032e+01 5.9686e-13
   624 5.0748e-03 9.5756e+01    5.0681e-03 9.5883e+01 5.4001e-13
   576 4.4091e-03 8.6686e+01    4.0328e-03 9.4775e+01 4.8317e-13
   528 2.9883e-03 9.8516e+01    2.9903e-03 9.8450e+01 4.2633e-13
   480 2.3267e-03 9.5062e+01    2.2133e-03 9.9932e+01 3.2685e-13
   432 1.6404e-03 9.8292e+01    1.5797e-03 1.0207e+02 2.7001e-13
   384 1.1546e-03 9.8080e+01    1.1122e-03 1.0182e+02 2.1316e-13
   336 8.2013e-04 9.2505e+01    6.7197e-04 1.1290e+02 1.8474e-13
   288 5.2717e-04 9.0626e+01    3.8816e-04 1.2308e+02 1.1369e-13
   240 2.9647e-04 9.3258e+01    2.2258e-04 1.2422e+02 4.2633e-14
   192 1.5596e-04 9.0767e+01    1.1535e-04 1.2272e+02 3.5527e-14
   144 7.3405e-05 8.1356e+01    4.8673e-05 1.2270e+02 2.8422e-14
    96 2.8258e-05 6.2618e+01    1.5125e-05 1.1699e+02 1.4211e-14
    48 1.0662e-05 2.0745e+01    3.0030e-06 7.3654e+01 7.1054e-15
];

% Maximum difference between reference and your implementation: 2.160050e-12.
