% Number of threads = 4

% number of repeats:% 3
% enter first, last, inc:% 48 1968 48 
data = [
%  n          reference      |         current implementation 
%        time       GFLOPS   |    time       GFLOPS     diff 
  1968 1.9459e-01 7.8342e+01    7.2002e-02 2.1172e+02 3.0127e-12
  1920 1.8275e-01 7.7458e+01    5.9692e-02 2.3715e+02 2.9559e-12
  1872 1.6314e-01 8.0424e+01    5.3680e-02 2.4442e+02 2.7853e-12
  1824 1.3310e-01 9.1186e+01    5.6465e-02 2.1494e+02 2.7285e-12
  1776 1.2672e-01 8.8412e+01    4.8147e-02 2.3269e+02 2.6148e-12
  1728 1.2604e-01 8.1876e+01    4.8151e-02 2.1432e+02 2.6148e-12
  1680 1.0129e-01 9.3621e+01    3.9859e-02 2.3792e+02 2.4443e-12
  1632 9.9916e-02 8.7007e+01    3.4817e-02 2.4969e+02 2.5011e-12
  1584 1.0004e-01 7.9453e+01    3.2173e-02 2.4706e+02 2.2169e-12
  1536 8.3995e-02 8.6288e+01    3.1364e-02 2.3108e+02 2.2169e-12
  1488 6.9510e-02 9.4796e+01    2.7814e-02 2.3691e+02 2.1600e-12
  1440 6.4780e-02 9.2189e+01    2.4303e-02 2.4573e+02 1.9895e-12
  1392 5.9040e-02 9.1370e+01    2.1868e-02 2.4669e+02 1.9327e-12
  1344 5.4054e-02 8.9826e+01    2.1610e-02 2.2468e+02 1.8190e-12
  1296 4.7519e-02 9.1617e+01    1.7744e-02 2.4536e+02 1.7621e-12
  1248 4.2074e-02 9.2397e+01    1.5815e-02 2.4582e+02 1.5348e-12
  1200 3.7220e-02 9.2852e+01    1.4436e-02 2.3940e+02 1.7053e-12
  1152 3.3823e-02 9.0403e+01    1.2553e-02 2.4358e+02 1.4779e-12
  1104 2.9391e-02 9.1564e+01    1.1052e-02 2.4349e+02 1.2506e-12
  1056 2.5359e-02 9.2872e+01    9.5833e-03 2.4576e+02 1.1937e-12
  1008 2.6290e-02 7.7916e+01    1.4656e-02 1.3976e+02 1.1653e-12
   960 2.2059e-02 8.0215e+01    1.2559e-02 1.4090e+02 1.0800e-12
   912 1.6514e-02 9.1868e+01    6.3913e-03 2.3737e+02 9.3792e-13
   864 1.4086e-02 9.1577e+01    8.9899e-03 1.4349e+02 8.8107e-13
   816 1.1950e-02 9.0933e+01    4.5454e-03 2.3907e+02 7.9581e-13
   768 9.5656e-03 9.4712e+01    3.9077e-03 2.3184e+02 7.9581e-13
   720 8.1768e-03 9.1295e+01    3.2742e-03 2.2800e+02 6.5370e-13
   672 6.6178e-03 9.1711e+01    4.4305e-03 1.3699e+02 6.5370e-13
   624 5.3260e-03 9.1240e+01    2.0487e-03 2.3719e+02 5.6843e-13
   576 4.1793e-03 9.1451e+01    1.6645e-03 2.2962e+02 5.1159e-13
   528 3.3244e-03 8.8555e+01    1.4028e-03 2.0986e+02 3.6948e-13
   480 2.4082e-03 9.1848e+01    1.3639e-03 1.6217e+02 3.1264e-13
   432 2.5534e-03 6.3149e+01    6.9283e-04 2.3273e+02 2.7001e-13
   384 1.1999e-03 9.4381e+01    4.9674e-04 2.2798e+02 2.1316e-13
   336 8.1631e-04 9.2938e+01    5.6258e-04 1.3486e+02 1.7053e-13
   288 9.3257e-04 5.1230e+01    3.6288e-04 1.3166e+02 1.2790e-13
   240 5.4108e-04 5.1098e+01    2.1188e-04 1.3049e+02 5.6843e-14
   192 2.8801e-04 4.9150e+01    1.2270e-04 1.1536e+02 3.5527e-14
   144 1.2978e-04 4.6016e+01    5.7254e-05 1.0431e+02 3.5527e-14
    96 4.4417e-05 3.9838e+01    2.0815e-05 8.5009e+01 1.4211e-14
    48 1.1857e-05 1.8654e+01    4.6120e-06 4.7958e+01 5.3291e-15
];

% Maximum difference between reference and your implementation: 3.012701e-12.
