% Number of threads = 4

% number of repeats:% 3
% enter first, last, inc:% 48 1968 48 
data = [
%  n          reference      |         current implementation 
%        time       GFLOPS   |    time       GFLOPS     diff 
  1968 2.0884e-01 7.2996e+01    7.0777e-02 2.1538e+02 3.0127e-12
  1920 1.7075e-01 8.2904e+01    6.5207e-02 2.1709e+02 2.9559e-12
  1872 1.9036e-01 6.8923e+01    6.4763e-02 2.0259e+02 2.7853e-12
  1824 1.3637e-01 8.8996e+01    5.8601e-02 2.0711e+02 2.7285e-12
  1776 1.3259e-01 8.4501e+01    4.3654e-02 2.5665e+02 2.6148e-12
  1728 1.2822e-01 8.0486e+01    4.4984e-02 2.2941e+02 2.6148e-12
  1680 1.3631e-01 6.9574e+01    3.6864e-02 2.5725e+02 2.4443e-12
  1632 9.3421e-02 9.3056e+01    3.6057e-02 2.4110e+02 2.5011e-12
  1584 9.8036e-02 8.1079e+01    3.3204e-02 2.3939e+02 2.2169e-12
  1536 7.9279e-02 9.1421e+01    3.3376e-02 2.1715e+02 2.2169e-12
  1488 7.4222e-02 8.8779e+01    2.6786e-02 2.4600e+02 2.1600e-12
  1440 7.4660e-02 7.9989e+01    2.3593e-02 2.5313e+02 1.9895e-12
  1392 5.9599e-02 9.0513e+01    2.2455e-02 2.4023e+02 1.9327e-12
  1344 5.3326e-02 9.1051e+01    1.9076e-02 2.5453e+02 1.8190e-12
  1296 4.7308e-02 9.2025e+01    1.6962e-02 2.5666e+02 1.7621e-12
  1248 4.5949e-02 8.4606e+01    1.8471e-02 2.1046e+02 1.5348e-12
  1200 3.7497e-02 9.2168e+01    1.3107e-02 2.6367e+02 1.7053e-12
  1152 3.6193e-02 8.4483e+01    1.7200e-02 1.7777e+02 1.4779e-12
  1104 2.8904e-02 9.3106e+01    1.3187e-02 2.0408e+02 1.2506e-12
  1056 2.5966e-02 9.0701e+01    9.7017e-03 2.4276e+02 1.1937e-12
  1008 2.3059e-02 8.8831e+01    8.6745e-03 2.3614e+02 1.1653e-12
   960 1.8883e-02 9.3706e+01    7.2811e-03 2.4302e+02 1.0800e-12
   912 1.6396e-02 9.2530e+01    1.0378e-02 1.4618e+02 9.3792e-13
   864 1.3801e-02 9.3471e+01    5.1145e-03 2.5221e+02 8.8107e-13
   816 1.2624e-02 8.6079e+01    4.5057e-03 2.4118e+02 7.9581e-13
   768 1.0383e-02 8.7259e+01    3.8762e-03 2.3373e+02 7.9581e-13
   720 1.3347e-02 5.5932e+01    2.8750e-03 2.5965e+02 6.5370e-13
   672 6.6716e-03 9.0972e+01    2.3912e-03 2.5381e+02 6.5370e-13
   624 5.0851e-03 9.5561e+01    2.0629e-03 2.3557e+02 5.6843e-13
   576 4.1535e-03 9.2020e+01    1.4932e-03 2.5596e+02 5.1159e-13
   528 3.0821e-03 9.5519e+01    1.1187e-03 2.6316e+02 3.6948e-13
   480 2.2934e-03 9.6443e+01    8.2700e-04 2.6745e+02 3.1264e-13
   432 1.7001e-03 9.4845e+01    6.0601e-04 2.6607e+02 2.7001e-13
   384 2.1816e-03 5.1909e+01    8.2347e-04 1.3752e+02 2.1316e-13
   336 1.4793e-03 5.1285e+01    5.5561e-04 1.3655e+02 1.7053e-13
   288 9.5033e-04 5.0273e+01    3.5064e-04 1.3625e+02 1.2790e-13
   240 5.4552e-04 5.0682e+01    2.0753e-04 1.3322e+02 5.6843e-14
   192 2.8345e-04 4.9940e+01    1.1079e-04 1.2777e+02 3.5527e-14
   144 1.2870e-04 4.6402e+01    5.0797e-05 1.1757e+02 3.5527e-14
    96 4.5749e-05 3.8678e+01    1.8994e-05 9.3160e+01 1.4211e-14
    48 1.2723e-05 1.7385e+01    4.6860e-06 4.7201e+01 5.3291e-15
];

% Maximum difference between reference and your implementation: 3.012701e-12.
