% Number of threads = 4

% number of repeats:% 3
% enter first, last, inc:% 48 1488 48 
data = [
%  n          reference      |         current implementation 
%        time       GFLOPS   |    time       GFLOPS     diff 
  1488 7.8477e-02 8.3965e+01    7.4569e-02 8.8366e+01 2.1600e-12
  1440 6.9585e-02 8.5823e+01    5.7456e-02 1.0394e+02 2.1032e-12
  1392 7.0186e-02 7.6860e+01    7.0133e-02 7.6917e+01 1.9327e-12
  1344 5.5258e-02 8.7869e+01    5.3143e-02 9.1365e+01 1.7621e-12
  1296 4.9179e-02 8.8525e+01    4.6109e-02 9.4418e+01 1.8190e-12
  1248 4.8440e-02 8.0255e+01    3.6317e-02 1.0704e+02 1.7053e-12
  1200 3.9984e-02 8.6435e+01    3.6476e-02 9.4746e+01 1.5348e-12
  1152 4.4673e-02 6.8444e+01    2.9850e-02 1.0243e+02 1.3642e-12
  1104 3.0763e-02 8.7481e+01    2.8134e-02 9.5655e+01 1.2506e-12
  1056 2.6740e-02 8.8076e+01    2.3402e-02 1.0064e+02 1.1937e-12
  1008 2.3378e-02 8.7618e+01    1.8763e-02 1.0917e+02 1.0232e-12
   960 1.9820e-02 8.9277e+01    1.7008e-02 1.0404e+02 1.0232e-12
   912 1.7384e-02 8.7269e+01    1.4680e-02 1.0334e+02 1.0800e-12
   864 1.7717e-02 7.2808e+01    1.4541e-02 8.8711e+01 8.2423e-13
   816 1.2557e-02 8.6536e+01    1.1281e-02 9.6327e+01 8.2423e-13
   768 1.0273e-02 8.8190e+01    8.9512e-03 1.0121e+02 7.3896e-13
   720 8.3830e-03 8.9049e+01    6.9214e-03 1.0785e+02 6.8212e-13
   672 6.7453e-03 8.9978e+01    6.6911e-03 9.0706e+01 5.9686e-13
   624 5.5853e-03 8.7004e+01    5.0170e-03 9.6859e+01 5.4001e-13
   576 4.1516e-03 9.2061e+01    4.4034e-03 8.6797e+01 4.8317e-13
   528 3.6348e-03 8.0994e+01    3.2410e-03 9.0835e+01 4.2633e-13
   480 2.4012e-03 9.2115e+01    2.1922e-03 1.0090e+02 3.1264e-13
   432 1.8089e-03 8.9138e+01    1.6876e-03 9.5545e+01 2.7001e-13
   384 1.2732e-03 8.8948e+01    1.3290e-03 8.5209e+01 2.2737e-13
   336 9.1355e-04 8.3045e+01    9.4893e-04 7.9949e+01 1.8474e-13
   288 9.9399e-04 4.8064e+01    5.8450e-04 8.1738e+01 1.1369e-13
   240 3.2220e-04 8.5810e+01    3.2846e-04 8.4175e+01 5.6843e-14
   192 1.7316e-04 8.1750e+01    1.8653e-04 7.5889e+01 3.5527e-14
   144 7.9864e-05 7.4777e+01    8.6685e-05 6.8893e+01 2.8422e-14
    96 3.1452e-05 5.6259e+01    4.1058e-05 4.3097e+01 1.4211e-14
    48 1.1328e-05 1.9525e+01    8.8750e-06 2.4922e+01 7.1054e-15
];

% Maximum difference between reference and your implementation: 2.160050e-12.
