% Number of threads = 4

% number of repeats:% 3
% enter first, last, inc:% 48 1968 48 
data = [
%  n          reference      |         current implementation 
%        time       GFLOPS   |    time       GFLOPS     diff 
  1968 1.8506e-01 8.2372e+01    6.9895e-02 2.1810e+02 3.0127e-12
  1920 1.5903e-01 8.9015e+01    5.3444e-02 2.6487e+02 2.9559e-12
  1872 1.7595e-01 7.4568e+01    5.5395e-02 2.3685e+02 2.7853e-12
  1824 1.4256e-01 8.5136e+01    5.1360e-02 2.3631e+02 2.7285e-12
  1776 1.4136e-01 7.9256e+01    4.3662e-02 2.5660e+02 2.6148e-12
  1728 1.2221e-01 8.4444e+01    4.3384e-02 2.3787e+02 2.6148e-12
  1680 1.0808e-01 8.7742e+01    3.6096e-02 2.6273e+02 2.4443e-12
  1632 1.0833e-01 8.0247e+01    3.2972e-02 2.6366e+02 2.5011e-12
  1584 9.0162e-02 8.8160e+01    3.0552e-02 2.6017e+02 2.2169e-12
  1536 9.4718e-02 7.6519e+01    3.4244e-02 2.1165e+02 2.2169e-12
  1488 9.4838e-02 6.9480e+01    2.8660e-02 2.2991e+02 2.1600e-12
  1440 7.0998e-02 8.4115e+01    2.3094e-02 2.5860e+02 1.9895e-12
  1392 6.1185e-02 8.8166e+01    2.3752e-02 2.2712e+02 1.9327e-12
  1344 5.4489e-02 8.9109e+01    2.1731e-02 2.2344e+02 1.8190e-12
  1296 5.1997e-02 8.3728e+01    1.6836e-02 2.5859e+02 1.7621e-12
  1248 4.4602e-02 8.7161e+01    1.4592e-02 2.6642e+02 1.5348e-12
  1200 4.0305e-02 8.5746e+01    1.3626e-02 2.5363e+02 1.7053e-12
  1152 3.3166e-02 9.2192e+01    1.1938e-02 2.5613e+02 1.4779e-12
  1104 3.3463e-02 8.0420e+01    1.0306e-02 2.6112e+02 1.2506e-12
  1056 2.5432e-02 9.2606e+01    8.8845e-03 2.6509e+02 1.1937e-12
  1008 2.2767e-02 8.9971e+01    8.1299e-03 2.5196e+02 1.1653e-12
   960 1.8853e-02 9.3856e+01    6.6339e-03 2.6673e+02 1.0800e-12
   912 1.6578e-02 9.1512e+01    5.6932e-03 2.6647e+02 9.3792e-13
   864 1.4042e-02 9.1864e+01    7.7122e-03 1.6726e+02 8.8107e-13
   816 1.1799e-02 9.2101e+01    4.1431e-03 2.6229e+02 7.9581e-13
   768 9.6989e-03 9.3409e+01    3.4619e-03 2.6170e+02 7.9581e-13
   720 7.9593e-03 9.3789e+01    2.7262e-03 2.7382e+02 6.5370e-13
   672 7.0102e-03 8.6578e+01    2.1873e-03 2.7748e+02 6.5370e-13
   624 5.0658e-03 9.5926e+01    1.7438e-03 2.7867e+02 5.6843e-13
   576 4.4599e-03 8.5697e+01    1.4285e-03 2.6756e+02 5.1159e-13
   528 4.1245e-03 7.1378e+01    2.0451e-03 1.4395e+02 3.6948e-13
   480 2.3409e-03 9.4487e+01    1.5379e-03 1.4382e+02 3.1264e-13
   432 1.7862e-03 9.0270e+01    5.9482e-04 2.7108e+02 2.7001e-13
   384 1.2976e-03 8.7272e+01    8.2584e-04 1.3713e+02 2.1316e-13
   336 1.4715e-03 5.1556e+01    5.1880e-04 1.4623e+02 1.7053e-13
   288 5.9084e-04 8.0861e+01    1.6810e-04 2.8421e+02 1.2790e-13
   240 3.1184e-04 8.8661e+01    1.0743e-04 2.5735e+02 5.6843e-14
   192 1.6842e-04 8.4049e+01    5.3583e-05 2.6418e+02 3.5527e-14
   144 7.9188e-05 7.5415e+01    2.5291e-05 2.3613e+02 3.5527e-14
    96 2.8396e-05 6.2314e+01    8.6270e-06 2.0511e+02 1.4211e-14
    48 1.1018e-05 2.0075e+01    2.4760e-06 8.9331e+01 5.3291e-15
];

% Maximum difference between reference and your implementation: 3.012701e-12.
