% Number of threads = 4

% number of repeats:% 3
% enter first, last, inc:% 48 1488 48 
data = [
%  n          reference      |         current implementation 
%        time       GFLOPS   |    time       GFLOPS     diff 
  1488 9.1385e-02 7.2105e+01    7.9819e-01 8.2553e+00 2.1600e-12
  1440 7.2973e-02 8.1838e+01    6.4263e-01 9.2930e+00 2.1032e-12
  1392 7.5332e-02 7.1609e+01    5.9957e-01 8.9972e+00 1.9327e-12
  1344 5.8134e-02 8.3521e+01    5.0692e-01 9.5784e+00 1.7621e-12
  1296 5.5411e-02 7.8569e+01    4.7969e-01 9.0758e+00 1.8758e-12
  1248 4.1643e-02 9.3353e+01    4.2480e-01 9.1514e+00 1.6485e-12
  1200 3.6357e-02 9.5056e+01    3.2442e-01 1.0653e+01 1.5348e-12
  1152 3.4382e-02 8.8932e+01    4.4745e-01 6.8336e+00 1.4211e-12
  1104 2.8866e-02 9.3229e+01    2.4823e-01 1.0841e+01 1.3074e-12
  1056 2.5153e-02 9.3635e+01    2.0111e-01 1.1711e+01 1.1937e-12
  1008 2.1766e-02 9.4110e+01    1.7399e-01 1.1773e+01 1.0232e-12
   960 1.9456e-02 9.0946e+01    1.4981e-01 1.1812e+01 9.9476e-13
   912 1.6231e-02 9.3471e+01    1.3399e-01 1.1322e+01 1.0800e-12
   864 1.4095e-02 9.1517e+01    1.0414e-01 1.2386e+01 8.2423e-13
   816 1.1532e-02 9.4234e+01    8.7143e-02 1.2470e+01 7.9581e-13
   768 9.7664e-03 9.2764e+01    2.4299e-01 3.7284e+00 7.3896e-13
   720 1.4295e-02 5.2222e+01    6.0655e-02 1.2307e+01 6.8212e-13
   672 6.6362e-03 9.1458e+01    4.9973e-02 1.2145e+01 5.9686e-13
   624 5.1907e-03 9.3618e+01    4.1516e-02 1.1705e+01 5.4001e-13
   576 4.0827e-03 9.3615e+01    2.9862e-02 1.2799e+01 4.8317e-13
   528 3.2092e-03 9.1735e+01    3.1358e-02 9.3881e+00 4.2633e-13
   480 2.3392e-03 9.4555e+01    1.7621e-02 1.2552e+01 3.2685e-13
   432 1.7562e-03 9.1812e+01    1.2463e-02 1.2938e+01 2.7001e-13
   384 2.3510e-03 4.8170e+01    1.1079e-02 1.0222e+01 2.1316e-13
   336 1.0872e-03 6.9784e+01    7.1587e-03 1.0598e+01 1.8474e-13
   288 1.0171e-03 4.6974e+01    5.3694e-03 8.8978e+00 1.1369e-13
   240 3.3909e-04 8.1536e+01    2.1053e-03 1.3133e+01 4.2633e-14
   192 1.8066e-04 7.8356e+01    1.0511e-03 1.3468e+01 3.5527e-14
   144 1.4458e-04 4.1307e+01    6.3928e-04 9.3417e+00 2.8422e-14
    96 4.7380e-05 3.7346e+01    1.8493e-04 9.5684e+00 1.4211e-14
    48 1.2513e-05 1.7676e+01    2.4142e-05 9.1618e+00 7.1054e-15
];

% Maximum difference between reference and your implementation: 2.160050e-12.
