% Number of threads = 4

% number of repeats:% 3
% enter first, last, inc:% 48 1968 48 
data = [
%  n          reference      |         current implementation 
%        time       GFLOPS   |    time       GFLOPS     diff 
  1968 1.8526e-01 8.2284e+01    7.7938e-02 1.9559e+02 3.0127e-12
  1920 2.0276e-01 6.9817e+01    8.7730e-02 1.6136e+02 2.9559e-12
  1872 1.5339e-01 8.5538e+01    6.6878e-02 1.9618e+02 2.7853e-12
  1824 1.5466e-01 7.8473e+01    5.3350e-02 2.2750e+02 2.7285e-12
  1776 1.3575e-01 8.2534e+01    5.9789e-02 1.8739e+02 2.6148e-12
  1728 1.4723e-01 7.0091e+01    6.3468e-02 1.6260e+02 2.6148e-12
  1680 1.2133e-01 7.8160e+01    4.0490e-02 2.3421e+02 2.4443e-12
  1632 1.1586e-01 7.5033e+01    3.9825e-02 2.1829e+02 2.5011e-12
  1584 1.0164e-01 7.8202e+01    3.5842e-02 2.2177e+02 2.2169e-12
  1536 1.0436e-01 6.9450e+01    4.3680e-02 1.6593e+02 2.2169e-12
  1488 1.0607e-01 6.2124e+01    3.7833e-02 1.7417e+02 2.1600e-12
  1440 9.7514e-02 6.1242e+01    2.6980e-02 2.2135e+02 1.9895e-12
  1392 7.4602e-02 7.2309e+01    4.2569e-02 1.2672e+02 1.9327e-12
  1344 7.4597e-02 6.5089e+01    3.2651e-02 1.4871e+02 1.8190e-12
  1296 6.9861e-02 6.2317e+01    3.3532e-02 1.2983e+02 1.7621e-12
  1248 4.7462e-02 8.1907e+01    1.7967e-02 2.1638e+02 1.5348e-12
  1200 4.2981e-02 8.0408e+01    1.8813e-02 1.8370e+02 1.7053e-12
  1152 3.5194e-02 8.6880e+01    1.4075e-02 2.1724e+02 1.4779e-12
  1104 4.4220e-02 6.0858e+01    1.3503e-02 1.9929e+02 1.2506e-12
  1056 3.2177e-02 7.3195e+01    1.2369e-02 1.9041e+02 1.1937e-12
  1008 2.5865e-02 7.9196e+01    1.1049e-02 1.8539e+02 1.1653e-12
   960 2.1854e-02 8.0966e+01    1.0109e-02 1.7503e+02 1.0800e-12
   912 1.8440e-02 8.2271e+01    1.1959e-02 1.2686e+02 9.3792e-13
   864 1.5810e-02 8.1589e+01    1.0409e-02 1.2392e+02 8.8107e-13
   816 1.3343e-02 8.1443e+01    5.2591e-03 2.0663e+02 7.9581e-13
   768 1.1072e-02 8.1826e+01    4.6924e-03 1.9307e+02 7.9581e-13
   720 9.0816e-03 8.2199e+01    3.6117e-03 2.0669e+02 6.5370e-13
   672 6.7794e-03 8.9525e+01    2.7832e-03 2.1807e+02 6.5370e-13
   624 5.6788e-03 8.5571e+01    2.9676e-03 1.6375e+02 5.6843e-13
   576 4.8293e-03 7.9144e+01    3.0790e-03 1.2413e+02 5.1159e-13
   528 3.4149e-03 8.6208e+01    1.5214e-03 1.9350e+02 3.6948e-13
   480 2.5960e-03 8.5203e+01    1.1290e-03 1.9590e+02 3.1264e-13
   432 1.8854e-03 8.5523e+01    8.1552e-04 1.9772e+02 2.7001e-13
   384 1.3058e-03 8.6725e+01    5.9621e-04 1.8994e+02 2.1316e-13
   336 8.6533e-04 8.7673e+01    4.2970e-04 1.7656e+02 1.7053e-13
   288 5.6760e-04 8.4171e+01    3.0669e-04 1.5578e+02 1.2790e-13
   240 3.1627e-04 8.7420e+01    1.6707e-04 1.6549e+02 5.6843e-14
   192 1.6980e-04 8.3370e+01    1.0131e-04 1.3973e+02 3.5527e-14
   144 7.9126e-05 7.5474e+01    4.8280e-05 1.2369e+02 3.5527e-14
    96 3.0456e-05 5.8099e+01    2.0428e-05 8.6620e+01 1.4211e-14
    48 1.1592e-05 1.9081e+01    5.0190e-06 4.4069e+01 5.3291e-15
];

% Maximum difference between reference and your implementation: 3.012701e-12.
