% number of repeats:% 3
% enter first, last, inc:% 48 1488 48 
data = [
%  n          reference      |         current implementation 
%        time       GFLOPS   |    time       GFLOPS     diff 
  1488 2.8731e-01 2.2935e+01    5.8902e-01 1.1187e+01 2.1600e-12
  1440 2.5990e-01 2.2978e+01    2.6282e-01 2.2723e+01 2.1032e-12
  1392 2.2656e-01 2.3810e+01    2.5192e-01 2.1413e+01 1.9327e-12
  1344 2.0181e-01 2.4060e+01    1.9247e-01 2.5226e+01 1.7621e-12
  1296 1.8502e-01 2.3530e+01    1.6545e-01 2.6313e+01 1.8190e-12
  1248 1.6773e-01 2.3178e+01    1.8663e-01 2.0831e+01 1.7053e-12
  1200 1.4942e-01 2.3129e+01    1.6342e-01 2.1148e+01 1.5348e-12
  1152 1.3798e-01 2.2159e+01    1.4663e-01 2.0853e+01 1.3642e-12
  1104 1.1957e-01 2.2506e+01    1.1988e-01 2.2448e+01 1.2506e-12
  1056 9.9228e-02 2.3735e+01    6.4168e-02 3.6703e+01 1.1937e-12
  1008 8.4888e-02 2.4130e+01    5.5641e-02 3.6815e+01 1.0232e-12
   960 7.2913e-02 2.4268e+01    4.8180e-02 3.6726e+01 1.0232e-12
   912 6.3052e-02 2.4061e+01    4.0919e-02 3.7076e+01 1.0800e-12
   864 5.3854e-02 2.3952e+01    3.3882e-02 3.8072e+01 8.2423e-13
   816 4.6310e-02 2.3465e+01    2.9359e-02 3.7014e+01 8.2423e-13
   768 3.7499e-02 2.4160e+01    3.8182e-02 2.3727e+01 7.3896e-13
   720 3.0726e-02 2.4295e+01    1.9466e-02 3.8348e+01 6.8212e-13
   672 2.5165e-02 2.4118e+01    1.5731e-02 3.8581e+01 5.9686e-13
   624 2.0216e-02 2.4038e+01    1.2625e-02 3.8490e+01 5.4001e-13
   576 1.5921e-02 2.4007e+01    9.7470e-03 3.9213e+01 4.8317e-13
   528 1.2179e-02 2.4173e+01    7.6982e-03 3.8242e+01 4.2633e-13
   480 9.0841e-03 2.4349e+01    5.7545e-03 3.8436e+01 3.1264e-13
   432 6.6005e-03 2.4429e+01    4.2022e-03 3.8371e+01 2.7001e-13
   384 4.6198e-03 2.4513e+01    2.9458e-03 3.8443e+01 2.2737e-13
   336 3.1294e-03 2.4243e+01    1.8911e-03 4.0117e+01 1.8474e-13
   288 2.0343e-03 2.3485e+01    1.1656e-03 4.0989e+01 1.1369e-13
   240 1.1553e-03 2.3931e+01    6.7529e-04 4.0943e+01 5.6843e-14
   192 6.0041e-04 2.3577e+01    3.7862e-04 3.7388e+01 3.5527e-14
   144 2.7623e-04 2.1620e+01    1.4502e-04 4.1179e+01 2.8422e-14
    96 8.2435e-05 2.1465e+01    4.2160e-05 4.1970e+01 1.4211e-14
    48 1.3439e-05 1.6458e+01    4.6940e-06 4.7121e+01 7.1054e-15
];

% Maximum difference between reference and your implementation: 2.160050e-12.
