% number of repeats:% 3
% enter first, last, inc:% 48 1488 48 
data = [
%  n          reference      |         current implementation 
%        time       GFLOPS   |    time       GFLOPS     diff 
  1488 2.8854e-01 2.2837e+01    4.6486e-01 1.4175e+01 2.1600e-12
  1440 2.6583e-01 2.2465e+01    2.9527e-01 2.0226e+01 2.1032e-12
  1392 2.2719e-01 2.3744e+01    2.4874e-01 2.1687e+01 1.9327e-12
  1344 2.0109e-01 2.4146e+01    2.4923e-01 1.9482e+01 1.7621e-12
  1296 1.8511e-01 2.3519e+01    2.0035e-01 2.1730e+01 1.8758e-12
  1248 1.6056e-01 2.4212e+01    1.7826e-01 2.1808e+01 1.6485e-12
  1200 1.5496e-01 2.2303e+01    1.6661e-01 2.0743e+01 1.5348e-12
  1152 1.2880e-01 2.3739e+01    1.4748e-01 2.0733e+01 1.4211e-12
  1104 1.1496e-01 2.3410e+01    1.4471e-01 1.8597e+01 1.3074e-12
  1056 1.0442e-01 2.2555e+01    1.2035e-01 1.9570e+01 1.1937e-12
  1008 8.6389e-02 2.3711e+01    9.4579e-02 2.1658e+01 1.0232e-12
   960 7.3757e-02 2.3991e+01    8.1234e-02 2.1782e+01 9.9476e-13
   912 6.3369e-02 2.3941e+01    6.8528e-02 2.2139e+01 1.0800e-12
   864 5.3803e-02 2.3976e+01    5.8000e-02 2.2240e+01 8.2423e-13
   816 4.5370e-02 2.3951e+01    6.2552e-02 1.7372e+01 7.9581e-13
   768 3.7936e-02 2.3881e+01    4.1875e-02 2.1635e+01 7.3896e-13
   720 3.1167e-02 2.3952e+01    3.4403e-02 2.1699e+01 6.8212e-13
   672 2.5035e-02 2.4244e+01    2.7113e-02 2.2385e+01 5.9686e-13
   624 2.0309e-02 2.3927e+01    2.2117e-02 2.1972e+01 5.4001e-13
   576 1.6197e-02 2.3597e+01    2.3087e-02 1.6555e+01 4.8317e-13
   528 1.3451e-02 2.1887e+01    1.4205e-02 2.0725e+01 4.2633e-13
   480 9.2496e-03 2.3913e+01    9.6947e-03 2.2815e+01 3.2685e-13
   432 6.7016e-03 2.4060e+01    7.1697e-03 2.2490e+01 2.7001e-13
   384 4.7406e-03 2.3888e+01    5.0947e-03 2.2228e+01 2.1316e-13
   336 3.1783e-03 2.3870e+01    3.3905e-03 2.2376e+01 1.8474e-13
   288 2.0458e-03 2.3353e+01    2.1352e-03 2.2375e+01 1.1369e-13
   240 1.1739e-03 2.3553e+01    1.2522e-03 2.2079e+01 4.2633e-14
   192 6.0928e-04 2.3234e+01    6.1429e-04 2.3044e+01 3.5527e-14
   144 2.6041e-04 2.2933e+01    2.7291e-04 2.1882e+01 2.8422e-14
    96 8.1415e-05 2.1734e+01    1.0256e-04 1.7252e+01 1.4211e-14
    48 1.3065e-05 1.6930e+01    1.2083e-05 1.8305e+01 7.1054e-15
];

% Maximum difference between reference and your implementation: 2.160050e-12.
