% number of repeats:% 3
% enter first, last, inc:% 48 1488 48 
data = [
%  n          reference      |         current implementation 
%        time       GFLOPS   |    time       GFLOPS     diff 
  1488 2.8469e-01 2.3145e+01    7.0570e-01 9.3373e+00 2.1600e-12
  1440 2.4628e-01 2.4249e+01    4.1284e-01 1.4466e+01 2.1032e-12
  1392 2.1927e-01 2.4602e+01    3.7595e-01 1.4349e+01 1.9327e-12
  1344 2.0764e-01 2.3383e+01    3.6609e-01 1.3263e+01 1.7621e-12
  1296 1.8640e-01 2.3356e+01    3.0247e-01 1.4394e+01 1.8190e-12
  1248 1.5571e-01 2.4967e+01    2.6128e-01 1.4879e+01 1.7053e-12
  1200 1.4121e-01 2.4474e+01    2.5987e-01 1.3299e+01 1.5348e-12
  1152 1.3269e-01 2.3044e+01    1.9373e-01 1.5783e+01 1.3642e-12
  1104 1.0946e-01 2.4585e+01    1.8168e-01 1.4813e+01 1.2506e-12
  1056 1.0007e-01 2.3536e+01    1.3885e-01 1.6962e+01 1.1937e-12
  1008 8.6632e-02 2.3645e+01    8.2309e-02 2.4887e+01 1.0232e-12
   960 7.3614e-02 2.4037e+01    6.4154e-02 2.7582e+01 1.0232e-12
   912 6.1011e-02 2.4866e+01    5.0370e-02 3.0119e+01 1.0800e-12
   864 5.2733e-02 2.4462e+01    3.7977e-02 3.3967e+01 8.2423e-13
   816 4.6278e-02 2.3482e+01    7.6296e-02 1.4243e+01 8.2423e-13
   768 3.9010e-02 2.3224e+01    4.8800e-02 1.8565e+01 7.3896e-13
   720 3.2237e-02 2.3156e+01    4.0226e-02 1.8558e+01 6.8212e-13
   672 2.5989e-02 2.3353e+01    2.9308e-02 2.0709e+01 5.9686e-13
   624 2.1210e-02 2.2911e+01    2.4533e-02 1.9807e+01 5.4001e-13
   576 1.6467e-02 2.3210e+01    1.7944e-02 2.1299e+01 4.8317e-13
   528 1.2685e-02 2.3208e+01    9.8215e-03 2.9975e+01 4.2633e-13
   480 9.3057e-03 2.3769e+01    7.0253e-03 3.1484e+01 3.1264e-13
   432 6.9386e-03 2.3238e+01    4.2817e-03 3.7659e+01 2.7001e-13
   384 4.7979e-03 2.3603e+01    2.9089e-03 3.8930e+01 2.2737e-13
   336 3.1453e-03 2.4121e+01    1.8107e-03 4.1898e+01 1.8474e-13
   288 2.0565e-03 2.3231e+01    1.0303e-03 4.6372e+01 1.1369e-13
   240 1.3214e-03 2.0924e+01    5.1831e-04 5.3343e+01 5.6843e-14
   192 5.8821e-04 2.4066e+01    2.5366e-04 5.5807e+01 3.5527e-14
   144 2.4793e-04 2.4087e+01    1.0636e-04 5.6148e+01 2.8422e-14
    96 7.9897e-05 2.2147e+01    5.1674e-05 3.4243e+01 1.4211e-14
    48 1.2450e-05 1.7766e+01    6.4630e-06 3.4223e+01 7.1054e-15
];

% Maximum difference between reference and your implementation: 2.160050e-12.
