% number of repeats:% 3
% enter first, last, inc:% 48 1488 48 
data = [
%  n          reference      |         current implementation 
%        time       GFLOPS   |    time       GFLOPS     diff 
  1488 2.9016e-01 2.2709e+01    4.5483e-01 1.4487e+01 2.1600e-12
  1440 2.5865e-01 2.3089e+01    2.9907e-01 1.9969e+01 2.1032e-12
  1392 2.3057e-01 2.3396e+01    2.6073e-01 2.0690e+01 1.9327e-12
  1344 2.0639e-01 2.3526e+01    2.2131e-01 2.1940e+01 1.7621e-12
  1296 1.8189e-01 2.3935e+01    1.9681e-01 2.2120e+01 1.8758e-12
  1248 1.6465e-01 2.3610e+01    1.7806e-01 2.1832e+01 1.6485e-12
  1200 1.4404e-01 2.3993e+01    1.5559e-01 2.2212e+01 1.5348e-12
  1152 1.3127e-01 2.3293e+01    1.3951e-01 2.1916e+01 1.4211e-12
  1104 1.1339e-01 2.3734e+01    1.2756e-01 2.1097e+01 1.3074e-12
  1056 9.9943e-02 2.3565e+01    1.1330e-01 2.0788e+01 1.1937e-12
  1008 8.5192e-02 2.4044e+01    9.4981e-02 2.1566e+01 1.0232e-12
   960 7.8063e-02 2.2667e+01    8.0422e-02 2.2002e+01 9.9476e-13
   912 6.3369e-02 2.3941e+01    6.8580e-02 2.2122e+01 1.0800e-12
   864 5.3848e-02 2.3955e+01    5.9207e-02 2.1787e+01 8.2423e-13
   816 4.5452e-02 2.3908e+01    6.1388e-02 1.7702e+01 7.9581e-13
   768 3.9043e-02 2.3204e+01    4.0416e-02 2.2416e+01 7.3896e-13
   720 3.0851e-02 2.4197e+01    3.3041e-02 2.2593e+01 6.8212e-13
   672 2.5319e-02 2.3971e+01    2.7049e-02 2.2438e+01 5.9686e-13
   624 2.0599e-02 2.3590e+01    2.1202e-02 2.2919e+01 5.4001e-13
   576 1.6182e-02 2.3619e+01    2.2726e-02 1.6818e+01 4.8317e-13
   528 1.2468e-02 2.3613e+01    1.3205e-02 2.2294e+01 4.2633e-13
   480 9.1941e-03 2.4057e+01    9.3014e-03 2.3780e+01 3.2685e-13
   432 6.7202e-03 2.3994e+01    6.9441e-03 2.3220e+01 2.7001e-13
   384 4.7372e-03 2.3906e+01    4.8953e-03 2.3134e+01 2.1316e-13
   336 3.1563e-03 2.4036e+01    3.2988e-03 2.2998e+01 1.8474e-13
   288 2.0230e-03 2.3616e+01    2.0048e-03 2.3830e+01 1.1369e-13
   240 1.1562e-03 2.3913e+01    1.1906e-03 2.3221e+01 4.2633e-14
   192 6.0013e-04 2.3588e+01    5.8850e-04 2.4054e+01 3.5527e-14
   144 2.5672e-04 2.3262e+01    2.6103e-04 2.2878e+01 2.8422e-14
    96 8.2041e-05 2.1568e+01    1.0018e-04 1.7662e+01 1.4211e-14
    48 1.2834e-05 1.7234e+01    1.2012e-05 1.8414e+01 7.1054e-15
];

% Maximum difference between reference and your implementation: 2.160050e-12.
