% number of repeats:% 3
% enter first, last, inc:% 48 480 48 
data = [
%  n          reference      |         current implementation 
%        time       GFLOPS   |    time       GFLOPS     diff 
   480 9.6521e-03 2.2916e+01    6.7683e-02 3.2680e+00 3.4106e-13
   432 6.8060e-03 2.3691e+01    4.5230e-02 3.5650e+00 2.9843e-13
   384 4.9310e-03 2.2966e+01    3.2400e-02 3.4953e+00 2.2737e-13
   336 3.2617e-03 2.3259e+01    2.2305e-02 3.4014e+00 1.7053e-13
   288 2.0303e-03 2.3532e+01    1.3425e-02 3.5588e+00 1.1369e-13
   240 1.1593e-03 2.3849e+01    7.6622e-03 3.6084e+00 4.2633e-14
   192 5.9741e-04 2.3695e+01    3.8735e-03 3.6546e+00 2.8422e-14
   144 2.5601e-04 2.3327e+01    1.6824e-03 3.5497e+00 2.8422e-14
    96 7.9577e-05 2.2236e+01    4.8199e-04 3.6712e+00 1.0658e-14
    48 1.2884e-05 1.7167e+01    6.0312e-05 3.6673e+00 7.1054e-15
];

% Maximum difference between reference and your implementation: 3.410605e-13.
