% number of repeats:% 3
% enter first, last, inc:% 48 1488 48 
data = [
%  n          reference      |         current implementation 
%        time       GFLOPS   |    time       GFLOPS     diff 
  1488 2.7375e-01 2.4070e+01    8.6928e-01 7.5802e+00 2.1600e-12
  1440 2.5533e-01 2.3389e+01    4.9540e-01 1.2055e+01 2.1032e-12
  1392 2.2492e-01 2.3984e+01    4.0920e-01 1.3183e+01 1.9327e-12
  1344 2.0477e-01 2.3712e+01    3.7489e-01 1.2952e+01 1.7621e-12
  1296 1.8183e-01 2.3943e+01    2.6544e-01 1.6402e+01 1.8190e-12
  1248 1.5965e-01 2.4350e+01    2.0062e-01 1.9378e+01 1.7053e-12
  1200 1.4594e-01 2.3681e+01    1.6116e-01 2.1445e+01 1.5348e-12
  1152 1.2612e-01 2.4245e+01    1.5448e-01 1.9793e+01 1.3642e-12
  1104 1.1448e-01 2.3507e+01    1.0042e-01 2.6798e+01 1.2506e-12
  1056 9.8585e-02 2.3890e+01    8.2058e-02 2.8701e+01 1.1937e-12
  1008 8.4169e-02 2.4337e+01    6.8356e-02 2.9967e+01 1.0232e-12
   960 7.4038e-02 2.3900e+01    5.8802e-02 3.0092e+01 1.0232e-12
   912 6.5682e-02 2.3098e+01    5.0134e-02 3.0261e+01 1.0800e-12
   864 5.3799e-02 2.3977e+01    4.0992e-02 3.1468e+01 8.2423e-13
   816 4.4972e-02 2.4164e+01    3.3033e-02 3.2896e+01 8.2423e-13
   768 3.7128e-02 2.4401e+01    3.4830e-02 2.6012e+01 7.3896e-13
   720 3.0741e-02 2.4283e+01    2.3472e-02 3.1803e+01 6.8212e-13
   672 2.5846e-02 2.3483e+01    1.8084e-02 3.3561e+01 5.9686e-13
   624 2.0135e-02 2.4135e+01    1.4489e-02 3.3538e+01 5.4001e-13
   576 1.5804e-02 2.4185e+01    1.1449e-02 3.3384e+01 4.8317e-13
   528 1.2710e-02 2.3162e+01    8.4241e-03 3.4947e+01 4.2633e-13
   480 9.2812e-03 2.3831e+01    6.6200e-03 3.3412e+01 3.1264e-13
   432 6.8008e-03 2.3710e+01    4.7364e-03 3.4043e+01 2.7001e-13
   384 4.7119e-03 2.4034e+01    3.2267e-03 3.5096e+01 2.2737e-13
   336 3.1622e-03 2.3992e+01    2.0772e-03 3.6523e+01 1.8474e-13
   288 2.0151e-03 2.3708e+01    1.3098e-03 3.6477e+01 1.1369e-13
   240 1.1435e-03 2.4178e+01    7.2978e-04 3.7885e+01 5.6843e-14
   192 5.9313e-04 2.3866e+01    3.6217e-04 3.9086e+01 3.5527e-14
   144 2.5308e-04 2.3597e+01    1.2039e-04 4.9606e+01 2.8422e-14
    96 7.8581e-05 2.2518e+01    5.0400e-05 3.5109e+01 1.4211e-14
    48 1.5065e-05 1.4682e+01    6.2040e-06 3.5652e+01 7.1054e-15
];

% Maximum difference between reference and your implementation: 2.160050e-12.
