% number of repeats:% 3
% enter first, last, inc:% 48 480 48 
data = [
%  n          reference      |         current implementation 
%        time       GFLOPS   |    time       GFLOPS     diff 
   480 9.7632e-03 2.2655e+01    7.0918e-02 3.1189e+00 3.4106e-13
   432 7.1456e-03 2.2565e+01    4.7128e-02 3.4214e+00 2.9843e-13
   384 5.1433e-03 2.2018e+01    3.2881e-02 3.4441e+00 2.2737e-13
   336 3.3087e-03 2.2930e+01    2.2264e-02 3.4076e+00 1.7053e-13
   288 2.0717e-03 2.3061e+01    1.4119e-02 3.3838e+00 1.1369e-13
   240 1.1678e-03 2.3675e+01    7.8825e-03 3.5075e+00 4.2633e-14
   192 6.1391e-04 2.3058e+01    3.9872e-03 3.5503e+00 2.8422e-14
   144 2.5636e-04 2.3295e+01    1.7147e-03 3.4829e+00 2.8422e-14
    96 8.1080e-05 2.1824e+01    5.0150e-04 3.5283e+00 1.0658e-14
    48 1.3014e-05 1.6996e+01    6.2695e-05 3.5279e+00 7.1054e-15
];

% Maximum difference between reference and your implementation: 3.410605e-13.
